-1.819099999999999939e+00
-6.719100000000000072e+00
-7.819099999999999717e+00
-6.819099999999999717e+00
-1.819099999999999939e+00
-2.000000000000000000e+00
-6.900000000000000355e+00
-8.000000000000000000e+00
-7.000000000000000000e+00
-2.000000000000000000e+00
-4.046899999999999942e+00
-4.000000000000000000e+00
5.000000000000000000e+00
0.000000000000000000e+00
0.000000000000000000e+00
5.000000000000000000e+00
0.000000000000000000e+00
0.000000000000000000e+00
0.000000000000000000e+00
0.000000000000000000e+00
0.000000000000000000e+00
0.000000000000000000e+00
0.000000000000000000e+00
0.000000000000000000e+00
0.000000000000000000e+00
0.000000000000000000e+00
0.000000000000000000e+00
0.000000000000000000e+00
0.000000000000000000e+00
0.000000000000000000e+00
0.000000000000000000e+00
0.000000000000000000e+00
