4.115999999999999659e+00
-1.883999999999999897e+00
-1.883999999999999897e+00
-1.883999999999999897e+00
4.115999999999999659e+00
4.000000000000000000e+00
-2.000000000000000000e+00
-2.000000000000000000e+00
-2.000000000000000000e+00
4.000000000000000000e+00
2.013999999999999790e+00
2.000000000000000000e+00
0.000000000000000000e+00
0.000000000000000000e+00
0.000000000000000000e+00
5.000000000000000000e+00
5.000000000000000000e+00
0.000000000000000000e+00
0.000000000000000000e+00
0.000000000000000000e+00
0.000000000000000000e+00
0.000000000000000000e+00
0.000000000000000000e+00
0.000000000000000000e+00
0.000000000000000000e+00
0.000000000000000000e+00
0.000000000000000000e+00
0.000000000000000000e+00
1.000000000000000000e+00
0.000000000000000000e+00
0.000000000000000000e+00
0.000000000000000000e+00
