3.240000000000000213e+00
-6.759999999999999787e+00
-7.059999999999999609e+00
-6.759999999999999787e+00
1.939999999999999947e+00
3.299999999999999822e+00
-6.700000000000000178e+00
-7.000000000000000000e+00
-6.700000000000000178e+00
2.000000000000000000e+00
-2.479999999999999982e+00
-3.000000000000000000e+00
5.000000000000000000e+00
5.000000000000000000e+00
0.000000000000000000e+00
5.000000000000000000e+00
0.000000000000000000e+00
0.000000000000000000e+00
5.000000000000000000e+00
0.000000000000000000e+00
0.000000000000000000e+00
0.000000000000000000e+00
0.000000000000000000e+00
0.000000000000000000e+00
0.000000000000000000e+00
0.000000000000000000e+00
0.000000000000000000e+00
0.000000000000000000e+00
0.000000000000000000e+00
0.000000000000000000e+00
0.000000000000000000e+00
0.000000000000000000e+00
