3.259999999999999787e+00
-6.740000000000000213e+00
-7.040000000000000036e+00
-6.740000000000000213e+00
1.959999999999999964e+00
3.299999999999999822e+00
-6.700000000000000178e+00
-7.000000000000000000e+00
-6.700000000000000178e+00
2.000000000000000000e+00
-2.549999999999999822e+00
-3.000000000000000000e+00
5.000000000000000000e+00
0.000000000000000000e+00
0.000000000000000000e+00
5.000000000000000000e+00
0.000000000000000000e+00
0.000000000000000000e+00
5.000000000000000000e+00
0.000000000000000000e+00
0.000000000000000000e+00
0.000000000000000000e+00
0.000000000000000000e+00
0.000000000000000000e+00
0.000000000000000000e+00
0.000000000000000000e+00
0.000000000000000000e+00
0.000000000000000000e+00
0.000000000000000000e+00
0.000000000000000000e+00
0.000000000000000000e+00
0.000000000000000000e+00
